20 9 9
1 3 1 1 7 7
0 7 4 9 1 1 5 9 9 1 5 1 1 8 7 1 1 8 1 1
7 0 1 9 1 1 9 1 6 4 4 1 1 1 8 4 1 1 1 1
4 1 0 9 1 1 9 4 4 1 1 1 1 9 1 1 1 1 1 1
9 9 9 0 4 1 5 1 1 9 1 6 4 1 7 1 1 1 8 5
1 1 1 4 0 1 1 1 1 4 1 8 7 1 1 1 1 8 4 5
1 1 1 1 1 0 1 1 6 4 1 6 7 1 1 8 6 1 9 7
5 9 9 5 1 1 0 8 1 1 8 6 1 1 1 8 1 1 9 1
9 1 4 1 1 1 8 0 1 1 9 1 1 7 1 1 6 6 1 9
9 6 4 1 1 6 1 1 0 9 4 1 1 9 9 7 6 7 1 1
1 4 1 9 4 4 1 1 9 0 9 1 1 1 5 7 6 9 5 1
5 4 1 1 1 1 8 9 4 9 0 1 6 1 5 4 9 1 7 1
1 1 1 6 8 6 6 1 1 1 1 0 8 4 4 8 7 9 1 6
1 1 1 4 7 7 1 1 1 1 6 8 0 4 8 1 8 7 1 4
8 1 9 1 1 1 1 7 9 1 1 4 4 0 1 1 5 7 4 1
7 8 1 7 1 1 1 1 9 5 5 4 8 1 0 4 1 1 1 8
1 4 1 1 1 8 8 1 7 7 4 8 1 1 4 0 4 1 1 8
1 1 1 1 1 6 1 6 6 6 9 7 8 5 1 4 0 7 5 9
8 1 1 1 8 1 1 6 7 9 1 9 7 7 1 1 7 0 1 1
1 1 1 8 4 9 9 1 1 5 7 1 1 4 1 1 5 1 0 7
1 1 1 5 5 7 1 9 1 1 1 6 4 1 8 8 9 1 7 0
1 5 1 7 5 1 1 1 1
1 7 1 7 1 1 5 8 1
1 1 9 1 1 1 7 1 9
1 8 1 1 1 1 1 7 4
7 1 7 6 1 7 5 1 1
5 8 1 5 1 1 8 4 8
1 1 1 1 1 7 1 1 1
1 1 1 8 5 1 9 1 1
4 1 1 1 9 1 9 1 1
1 1 1 1 7 1 1 1 1
8 1 1 1 1 8 1 1 1
9 1 1 1 1 1 1 1 1
1 1 1 1 1 4 9 1 1
1 1 1 7 1 1 1 1 1
1 8 1 1 9 7 1 1 1
1 9 1 1 1 1 4 4 8
1 1 1 4 1 1 1 7 1
1 1 5 1 9 1 1 1 1
1 1 1 1 6 9 5 1 5
1 1 1 1 1 1 1 1 8
9 1 4 3 5 3 1 9 2 6 7 4 5 2 7 3 2 8 8 6