13 7 5
1 3 1 2 7 7
0 8 6 1 9 8 1 1 1 4 5 1 1
8 0 1 6 6 8 1 1 6 5 1 8 5
6 1 0 6 1 8 1 8 1 8 1 4 6
1 6 6 0 8 1 7 1 8 1 1 1 7
9 6 1 8 0 1 4 7 7 9 5 8 1
8 8 8 1 1 0 1 9 1 1 7 1 4
1 1 1 7 4 1 0 1 8 1 1 1 8
1 1 8 1 7 9 1 0 1 8 1 5 1
1 6 1 8 7 1 8 1 0 1 1 9 8
4 5 8 1 9 1 1 8 1 0 5 7 5
5 1 1 1 5 7 1 1 1 5 0 8 1
1 8 4 1 8 1 1 5 9 7 8 0 1
1 5 6 7 1 4 8 1 8 5 1 1 0
1 1 1 4 7 1 8
1 1 1 1 8 1 9
1 1 6 1 7 7 1
1 9 1 1 1 9 5
8 1 1 1 9 1 5
1 1 1 1 8 1 8
1 7 5 1 1 1 1
1 1 1 1 1 8 1
8 1 1 1 1 1 1
8 1 1 6 1 9 1
4 1 8 9 4 1 1
7 1 9 1 1 1 1
8 7 1 1 6 1 1
2 2 1 4 6 3 5 7 3 5 7 6 4