14 7 3
4 5 2 3 7 7
0 1 4 9 1 8 1 8 1 9 7 8 8 1
1 0 8 1 1 1 9 4 7 5 1 1 9 8
4 8 0 1 6 1 6 1 8 4 8 5 1 7
9 1 1 0 1 1 1 9 8 1 8 9 9 1
1 1 6 1 0 9 7 7 1 8 8 7 5 1
8 1 1 1 9 0 7 9 1 8 5 1 1 4
1 9 6 1 7 7 0 8 1 7 8 1 1 6
8 4 1 9 7 9 8 0 1 7 8 1 1 1
1 7 8 8 1 1 1 1 0 1 8 1 8 7
9 5 4 1 8 8 7 7 1 0 6 6 1 1
7 1 8 8 8 5 8 8 8 6 0 7 9 1
8 1 5 9 7 1 1 1 1 6 7 0 9 1
8 9 1 9 5 1 1 1 8 1 9 9 0 8
1 8 7 1 1 4 6 1 7 1 1 1 8 0
8 1 9 8 1 1 1
1 8 9 1 1 1 8
1 1 7 1 8 1 7
7 1 7 8 1 1 1
6 8 1 1 7 8 1
1 7 1 1 8 8 1
1 8 1 1 7 7 1
1 8 1 9 9 9 1
1 1 9 1 1 1 7
1 8 9 1 7 8 1
7 7 1 8 1 1 1
8 1 1 9 1 1 9
9 1 1 8 1 1 1
1 5 7 1 1 1 9
5 6 1 2 4 3 7 3 2 4 7 5 6 1