15 8 6
1 3 1 2 7 7
0 1 4 9 5 9 1 8 1 1 1 1 7 8 1
1 0 9 5 9 9 1 1 1 8 1 1 1 1 1
4 9 0 1 7 1 8 1 1 1 9 1 1 1 1
9 5 1 0 9 6 7 8 9 7 7 1 1 9 7
5 9 7 9 0 7 5 1 1 1 9 1 1 1 5
9 9 1 6 7 0 1 9 1 6 5 4 4 1 1
1 1 8 7 5 1 0 5 1 8 7 1 1 1 1
8 1 1 8 1 9 5 0 1 1 7 8 7 7 5
1 1 1 9 1 1 1 1 0 9 7 9 1 7 4
1 8 1 7 1 6 8 1 9 0 6 1 9 6 7
1 1 9 7 9 5 7 7 7 6 0 1 1 1 1
1 1 1 1 1 4 1 8 9 1 1 0 1 9 5
7 1 1 1 1 4 1 7 1 9 1 1 0 1 7
8 1 1 9 1 1 1 7 7 6 1 9 1 0 1
1 1 1 7 5 1 1 5 4 7 1 5 7 1 0
1 5 1 1 1 9 7 1
1 1 5 1 1 1 1 7
1 7 8 1 7 6 1 1
1 9 1 1 7 4 1 1
5 1 1 1 1 1 6 7
8 1 1 9 1 7 1 8
1 9 7 9 1 1 8 1
4 1 5 1 1 9 9 1
9 1 1 1 1 1 1 1
1 1 1 7 1 1 1 6
6 7 7 7 1 1 1 1
7 9 9 1 1 4 1 1
1 1 1 7 1 7 1 6
7 1 1 1 4 7 1 1
1 1 1 9 1 1 1 8
3 7 1 4 6 2 6 4 3 5 7 8 2 8 5